-1.0827982276, 51.7623134556
-1.08166476199, 51.7667598098
-1.07927269505, 51.7694447938
-1.07994854448, 51.7701325248
-1.08013207729, 51.7717982533
-1.0811101455, 51.775877166
-1.08246307777, 51.7797782675
-1.08464961516, 51.7809659743
-1.09488286103, 51.7820953632
-1.09714277771, 51.7815166123
-1.0972901406, 51.7809602835
-1.09741419605, 51.7805548293
-1.10591766337, 51.7819352112
-1.11300820413, 51.7853129794
-1.11884074944, 51.7870094197
-1.12215026911, 51.7876986238
-1.12019819958, 51.7926508114
-1.122486082, 51.7954237238
-1.11858154289, 51.7983022998
-1.11928868999, 51.7998181272
-1.12046182526, 51.802505398
-1.12165831709, 51.804968049
-1.12382852252, 51.8066646968
-1.12396384353, 51.8082139956
-1.12039822532, 51.8102463798
-1.11792904287, 51.8110838558
-1.11751287728, 51.8133051654
-1.11606581762, 51.8151995424
-1.11036382269, 51.8171562083
-1.1146117216, 51.8184092648
-1.1176723639, 51.8204417982
-1.12093043651, 51.8225575461
-1.12324479953, 51.8253162373
-1.12469289868, 51.8265147588
-1.12673130689, 51.8287075766
-1.12996337478, 51.8295892829
-1.13050617712, 51.8310930275
-1.13492271066, 51.8322764569
-1.13928398451, 51.8338585241
-1.13960001035, 51.8352481756
-1.13615028046, 51.8366857641
-1.13342873574, 51.8380584858
-1.12913837894, 51.8391102469
-1.12852231926, 51.8395948061
-1.12720018966, 51.8410883322
-1.12445575828, 51.8424157211
-1.12262128349, 51.8442677268
-1.11941665745, 51.844686154
-1.1156853914, 51.8430109857
-1.10941949595, 51.8413632948
-1.10492757327, 51.8408230055
-1.10176551334, 51.8396165659
-1.09832904497, 51.8378414921
-1.09624055823, 51.8366763921
-1.09059899113, 51.8343015006
-1.08664905234, 51.8318369803
-1.08140938656, 51.8297335999
-1.07746505965, 51.8292405876
-1.07389628368, 51.8300397423
-1.07201099791, 51.8321692951
-1.0678828387, 51.8346712888
-1.06333030846, 51.8327703513
-1.05955327723, 51.835041976
-1.05622767365, 51.8365294697
-1.05386303547, 51.8374464652
-1.05232620528, 51.8379897547
-1.05067710911, 51.8384862631
-1.04865773783, 51.8392638781
-1.04741875241, 51.8401313978
-1.05023664193, 51.8398295949
-1.05274778311, 51.8403101896
-1.05681557894, 51.8422220347
-1.06182339092, 51.8439713023
-1.06205530077, 51.8455250351
-1.06274702838, 51.8496143554
-1.06576088971, 51.8533346068
-1.06335619323, 51.8549590821
-1.06314073636, 51.856315038
-1.06358598554, 51.8581590799
-1.06481350308, 51.8608661992
-1.06514300657, 51.862484534
-1.06558421298, 51.8660026922
-1.06478028396, 51.8687026517
-1.0677187785, 51.8727648015
-1.071957703, 51.8749328062
-1.07533628444, 51.8755087585
-1.07631374009, 51.8762258364
-1.07725464178, 51.8768140458
-1.07663031597, 51.8787134766
-1.0749976716, 51.8795521194
-1.07316302436, 51.8807442997
-1.07157129643, 51.8813530437
-1.07102964052, 51.8817641612
-1.07036915873, 51.8823712441
-1.06971164965, 51.8831150123
-1.07014425791, 51.8846109621
-1.07096071203, 51.884685742
-1.07106020081, 51.885357267
-1.06902575926, 51.8862870624
-1.06899559126, 51.8872551705
-1.07011029759, 51.8883698931
-1.07270133841, 51.8883570665
-1.07532809429, 51.8883031042
-1.07635611343, 51.8877717069
-1.07727741721, 51.8880513644
-1.07770421551, 51.8897036845
-1.08122832196, 51.8904694167
-1.08286876335, 51.8907609346
-1.08598739739, 51.8911790034
-1.08909449689, 51.8921705341
-1.09029998707, 51.8925619794
-1.09340219554, 51.8938060083
-1.09294846594, 51.8948328957
-1.09278606905, 51.8958251632
-1.09178082136, 51.8972461008
-1.08947522037, 51.897564558
-1.0875854514, 51.8975139614
-1.08603843462, 51.8981915796
-1.08449952914, 51.8993259896
-1.08582778234, 51.9007658998
-1.08578021013, 51.9026087093
-1.08510529352, 51.9047082858
-1.08572653911, 51.9069716791
-1.08395286524, 51.9096273513
-1.08237722936, 51.9121856378
-1.08163037106, 51.9158014297
-1.07988037375, 51.916202256
-1.08220741323, 51.9177354185
-1.08466841654, 51.9192668785
-1.08582757727, 51.9202550139
-1.08664394729, 51.921728695
-1.08613495701, 51.923020361
-1.08275815862, 51.9241737341
-1.08254390719, 51.9259810709
-1.08213789448, 51.9277059924
-1.0780852274, 51.9274684359
-1.07625984956, 51.9293215777
-1.07628026868, 51.9310192537
-1.07644544197, 51.9321129653
-1.07202652434, 51.9336076064
-1.06789651831, 51.9343419261
-1.06526730285, 51.9345944136
-1.06296897879, 51.9349510753
-1.06152552794, 51.9361623672
-1.06063134262, 51.937676528
-1.05966244234, 51.938795377
-1.05878352624, 51.9399913614
-1.05591113776, 51.9428706874
-1.05585103755, 51.9457338617
-1.05518792863, 51.9464109657
-1.05494991138, 51.9471445252
-1.05496882597, 51.9486677636
-1.05600875348, 51.9490330491
-1.05898498873, 51.9492753506
-1.06368774734, 51.9482195203
-1.06512391577, 51.9480744853
-1.06699336007, 51.9467514409
-1.06962658598, 51.9459873536
-1.07147941532, 51.9457403368
-1.07433926151, 51.9440671366
-1.07753160053, 51.9431247479
-1.08032766716, 51.9446229482
-1.07883338186, 51.9466900013
-1.07982110051, 51.9482630651
-1.08106837731, 51.9502391461
-1.0839894407, 51.9519144557
-1.08779830305, 51.9531623042
-1.08936432644, 51.9557341708
-1.09270660038, 51.9566896378
-1.09523876616, 51.9572665604
-1.09405774827, 51.9593281156
-1.09233646649, 51.9615437385
-1.08963694954, 51.964189642
-1.08848677667, 51.9654979313
-1.08598829956, 51.9682558958
-1.08452896275, 51.9691526555
-1.08379194254, 51.9706744987
-1.08330529657, 51.9724086754
-1.0810898904, 51.9744602458
-1.0794868735, 51.9763861918
-1.07844295493, 51.9793693377
-1.07738139863, 51.9816447434
-1.07246484453, 51.9859892485
-1.07052186127, 51.9876273795
-1.06672495933, 51.9911524022
-1.06405945166, 51.9934050792
-1.0615793741, 51.9956232091
-1.05806400893, 51.9992014428
-1.05509360361, 52.0012932375
-1.05325432028, 52.0025803674
-1.05495044805, 52.0031801961
-1.05734420175, 52.003166105
-1.0588542395, 52.0048630859
-1.05849069377, 52.0064983376
-1.05977214314, 52.0083346369
-1.06290398239, 52.0085007439
-1.0655076743, 52.0084234204
-1.06849369011, 52.0076846299
-1.07034136748, 52.007176847
-1.07251412278, 52.0065870793
-1.07478832386, 52.0068683938
-1.07580048009, 52.0083014048
-1.07722342251, 52.0087495177
-1.07867933829, 52.0085864857
-1.08020176738, 52.0080921886
-1.08078557708, 52.0078279147
-1.08165672128, 52.0069778688
-1.08301655587, 52.006593756
-1.08454413114, 52.006484256
-1.086012197, 52.0063634856
-1.08709264713, 52.0058171193
-1.08954837086, 52.0064169358
-1.08962713462, 52.0077050493
-1.09070246382, 52.0087050546
-1.09100141588, 52.0096262366
-1.09220829277, 52.0105373328
-1.09291907739, 52.0111973476
-1.09413991878, 52.0122146243
-1.09394304353, 52.0127282918
-1.0937555307, 52.0133553169
-1.09675877501, 52.0150830579
-1.0976244344, 52.0144252595
-1.09862604553, 52.0139618
-1.09987086269, 52.0131405524
-1.10060145773, 52.0124565257
-1.1026029682, 52.0122622964
-1.10417070261, 52.0128487461
-1.1054230418, 52.0134705429
-1.1065789071, 52.0139630244
-1.10716084772, 52.0145941032
-1.10891492449, 52.0151962864
-1.10997197205, 52.0155324438
-1.11184759935, 52.0156661745
-1.11198696614, 52.0163550309
-1.1130756742, 52.0165664249
-1.11433792621, 52.016476119
-1.11543501849, 52.015967381
-1.11677597919, 52.0152087148
-1.11827521333, 52.0163294223
-1.11907366959, 52.0166302962
-1.11997019991, 52.01705777
-1.12177415, 52.0170613377
-1.12324256812, 52.0172332094
-1.12422856958, 52.0171110718
-1.12570801294, 52.0170168635
-1.12655603451, 52.0176192499
-1.12771972432, 52.0181763152
-1.12882932165, 52.017918392
-1.12999608128, 52.0183190155
-1.13056730497, 52.0181694865
-1.1313091535, 52.0187656605
-1.13207413656, 52.0188450225
-1.13301647663, 52.0191729346
-1.13396642991, 52.0193336641
-1.13446549434, 52.0196007642
-1.13528461889, 52.0197452375
-1.1360897513, 52.0203894971
-1.13614640206, 52.0212314614
-1.13623493564, 52.0215530858
-1.13640089004, 52.0218653874
-1.13649939839, 52.0221232491
-1.13614752082, 52.0223841039
-1.13618472915, 52.0227979583
-1.1359161074, 52.0228975863
-1.13530118944, 52.0237238358
-1.13375001622, 52.0260123175
-1.1328397925, 52.0285383603
-1.13254014346, 52.0305411253
-1.13197150394, 52.0319799773
-1.13165155702, 52.0321673284
-1.13127373885, 52.0328586412
-1.13082195348, 52.0333794793
-1.13000645987, 52.0337870437
-1.12902411331, 52.034753502
-1.12690337884, 52.0369819377
-1.1268911096, 52.0373873359
-1.12704969083, 52.038152736
-1.12618214213, 52.0385320166
-1.12638172386, 52.0392878314
-1.12523964651, 52.0400615681
-1.12466507354, 52.0406659854
-1.12314362003, 52.0416751422
-1.12234410891, 52.0446802384
-1.11831135682, 52.0468852754
-1.11512618935, 52.0477973583
-1.11118763829, 52.0479412503
-1.10813767894, 52.0487894299
-1.10591857283, 52.0489919965
-1.10565205184, 52.0480252527
-1.10473489111, 52.0481684382
-1.10361897543, 52.047749973
-1.10221191054, 52.0480359639
-1.10066901393, 52.0484045169
-1.09896925344, 52.0485956294
-1.09875673861, 52.0496639205
-1.09808905676, 52.0502333314
-1.09646094195, 52.0509895838
-1.0949322526, 52.0515137132
-1.09338699871, 52.0511970475
-1.09174205363, 52.0511951735
-1.08959140264, 52.0521100391
-1.08871746347, 52.052344242
-1.08602795472, 52.0522874559
-1.08375950707, 52.0523219928
-1.08254140805, 52.0527674576
-1.08124366655, 52.0542507372
-1.0807196692, 52.0562615103
-1.08075520992, 52.056803938
-1.07867281902, 52.0574251352
-1.07845664331, 52.0578657971
-1.07749543713, 52.0578672699
-1.07666708478, 52.0585701657
-1.07541966446, 52.0587285182
-1.07147940187, 52.0585500978
-1.07057622997, 52.0596200891
-1.06881063681, 52.0604953546
-1.06644145777, 52.0612830993
-1.06375359963, 52.0620997341
-1.06151391917, 52.0624073958
-1.05702327666, 52.0607828696
-1.05396496786, 52.0599330017
-1.05261628043, 52.0602530357
-1.04908329521, 52.0621180734
-1.04496006317, 52.0642173832
-1.04131148059, 52.0655921473
-1.03844811103, 52.0661244649
-1.03682489308, 52.0651545822
-1.03403228889, 52.0641634125
-1.03120669222, 52.0629498295
-1.02768609419, 52.0637228337
-1.02619342311, 52.0652164904
-1.02690299942, 52.066463994
-1.02867555749, 52.0682084619
-1.02979238553, 52.0701920602
-1.03208932462, 52.071178361
-1.0369005609, 52.0724207442
-1.03874970656, 52.0728017647
-1.04083102355, 52.0731756542
-1.04231796376, 52.0737811405
-1.03754444507, 52.0742997038
-1.03051296668, 52.0749820434
-1.02602603255, 52.0753937073
-1.02162796355, 52.0749401148
-1.01979821356, 52.0732759854
-1.01627854353, 52.0726325912
-1.01239843429, 52.0716659963
-1.00792898138, 52.0720861082
-1.00696285599, 52.0724268218
-1.00522833698, 52.0734003002
-1.00263945816, 52.0727688436
-1.00097217832, 52.0725551287
-0.997966405654, 52.0726285198
-0.995945256007, 52.0730365943
-0.994199049672, 52.0728949377
-0.993260882124, 52.0719869391
-0.991178344701, 52.070974741
-0.989753637846, 52.0706199867
-0.988101844224, 52.070630995
-0.987264161127, 52.0705770492
-0.986181423384, 52.0701343803
-0.985067814032, 52.0698316942
-0.983819055065, 52.0700205355
-0.982048707387, 52.0704341298
-0.980142559147, 52.0715559073
-0.976293914566, 52.0721860816
-0.972834154643, 52.0725866542
-0.970388317127, 52.0723549311
-0.968800058165, 52.0713781199
-0.965975638588, 52.073644272
-0.963392765035, 52.0758639294
-0.960780834319, 52.0786326203
-0.951090558703, 52.0807927432
-0.950109457165, 52.0797545483
-0.947388054289, 52.0792528638
-0.945447682374, 52.0771289457
-0.941003362143, 52.0759427625
-0.944413456253, 52.0700608939
-0.940171655825, 52.0673758968
-0.940600964713, 52.0652623833
-0.93466471883, 52.062827177
-0.93479659276, 52.0621891103
-0.937898121817, 52.0611903267
-0.937240655528, 52.0594527389
-0.93643398535, 52.0581040092
-0.935568302515, 52.0576448479
-0.9332420572, 52.0549445049
-0.931902290917, 52.0538813256
-0.931781146781, 52.0523562548
-0.931509796236, 52.051870979
-0.93032305761, 52.049962216
-0.930496506281, 52.0492328218
-0.930067960772, 52.0465990649
-0.929861545464, 52.0451676214
-0.930266348265, 52.0442137542
-0.930281461952, 52.0432140914
-0.92835283687, 52.0423433243
-0.928073089781, 52.0412987222
-0.926930756217, 52.0389533607
-0.92530538944, 52.0372410464
-0.923661674736, 52.0356301396
-0.921932089006, 52.0347457976
-0.917628275349, 52.031803145
-0.914930928645, 52.0302615524
-0.912771073344, 52.0273600171
-0.911794419501, 52.0249611824
-0.906048701564, 52.0212099621
-0.903947229654, 52.0236530844
-0.901667816164, 52.0244851119
-0.900071990724, 52.025253348
-0.899816011315, 52.0258848278
-0.899300711561, 52.0266892106
-0.897922711092, 52.0274855261
-0.896000388079, 52.0280690341
-0.893677519501, 52.0287566438
-0.891042054857, 52.0302342777
-0.890261755219, 52.0314892762
-0.888099693865, 52.0307370246
-0.884786301239, 52.0290414699
-0.882260720535, 52.0282622925
-0.879925932206, 52.028951317
-0.877226986473, 52.030849721
-0.877044498859, 52.0315591753
-0.876244169222, 52.032607996
-0.876128677343, 52.0334934133
-0.873793027672, 52.0350724238
-0.873098425818, 52.0351574927
-0.873290474137, 52.0355207696
-0.872866649576, 52.0359105252
-0.872081905955, 52.0364487745
-0.873130681277, 52.0371798903
-0.872066093476, 52.039858032
-0.867943837863, 52.0402267012
-0.865111103334, 52.0380910532
-0.862248382536, 52.0362283743
-0.858570617915, 52.0338650221
-0.855928770613, 52.0316509761
-0.855089107866, 52.029768181
-0.852704701597, 52.0283891352
-0.850388628948, 52.0265108023
-0.847572527723, 52.0256084618
-0.846686823135, 52.0244003843
-0.844262348877, 52.0224480391
-0.838739571713, 52.0209533658
-0.833226160051, 52.0184964752
-0.832692157113, 52.018296978
-0.83177321105, 52.0181062501
-0.830937304197, 52.0174694802
-0.829535831199, 52.0162813264
-0.82811148365, 52.0155811459
-0.827040168028, 52.0150903597
-0.825500861992, 52.0148880103
-0.823570738775, 52.0140307815
-0.819553898333, 52.0119631055
-0.819460512138, 52.0115252006
-0.819588167738, 52.0106606332
-0.819334235256, 52.0099010349
-0.819418165069, 52.0077080377
-0.818275861587, 52.0066041618
-0.816167434131, 52.0055660961
-0.813689417985, 52.0055618499
-0.812416356866, 52.0059931871
-0.808255900265, 52.0007120285
-0.806343210037, 51.9958383338
-0.804735782796, 51.9873910085
-0.803680483253, 51.9855137255
-0.799982654732, 51.9868400754
-0.795015621648, 51.9871013639
-0.788704240592, 51.9880157734
-0.784504381068, 51.988226962
-0.773183936622, 51.9851029446
-0.762854896696, 51.9852673469
-0.759702273303, 51.9840518471
-0.755554926339, 51.9808521816
-0.749550326719, 51.9776533427
-0.746076683942, 51.9761823094
-0.744900281429, 51.9746718371
-0.747036313667, 51.9736704768
-0.740638323311, 51.9699679724
-0.736381584319, 51.9710624702
-0.729659245351, 51.9730581451
-0.724965520387, 51.9747049764
-0.722259876251, 51.9754947594
-0.714047078301, 51.9784462237
-0.712747781589, 51.9790749066
-0.713239269242, 51.9798598202
-0.714367446929, 51.980021395
-0.713861722524, 51.9804447573
-0.714511550981, 51.9809895291
-0.716624771675, 51.9812796142
-0.717891433126, 51.9824065272
-0.715645675084, 51.9843556425
-0.715226214739, 51.9850200178
-0.715525421591, 51.9855052125
-0.714833336667, 51.986637755
-0.71398667919, 51.9878270491
-0.713472407784, 51.9890028844
-0.713413305303, 51.9897440174
-0.712370245588, 51.9895006457
-0.710416693872, 51.9886080217
-0.70706413108, 51.9881055228
-0.703619083673, 51.9878833368
-0.701565139415, 51.9858880292
-0.699617762692, 51.9841914721
-0.697592701819, 51.982868959
-0.696172087407, 51.9821968786
-0.694683942414, 51.9823467347
-0.692999859694, 51.9822741116
-0.691237424604, 51.9817923894
-0.690096618563, 51.9813661086
-0.689480142165, 51.9812351712
-0.688579552042, 51.9809608034
-0.686857379214, 51.9805495955
-0.685569554211, 51.9801243285
-0.682767991012, 51.9796812288
-0.680617491187, 51.9789351573
-0.678272447529, 51.9781724771
-0.677065127946, 51.9767490858
-0.674562054277, 51.9765617974
-0.672111141614, 51.9765314926
-0.67058410513, 51.9766707149
-0.670487565059, 51.9778663685
-0.668785973016, 51.9777527395
-0.662170201472, 51.9739814462
-0.652006629821, 51.9680688427
-0.653154945353, 51.9673959418
-0.653516692625, 51.9660109163
-0.653545690437, 51.9644602413
-0.654109354938, 51.9632330722
-0.654939869855, 51.9620368217
-0.655518199099, 51.9611928446
-0.656064555362, 51.9603952547
-0.659475506916, 51.9597795629
-0.660440146853, 51.9576407092
-0.663034785539, 51.9560823244
-0.665634303992, 51.9556280755
-0.667334814512, 51.9545225155
-0.670125324687, 51.9554289212
-0.672771175273, 51.9542395466
-0.672610124241, 51.9526462636
-0.671148718949, 51.9496572411
-0.669767948125, 51.9483262157
-0.671782537368, 51.9468204279
-0.672311529183, 51.9455109589
-0.670547193202, 51.9446080999
-0.671843390322, 51.9433315692
-0.676245549838, 51.9449222616
-0.680222618009, 51.9438546769
-0.682808746567, 51.9421384151
-0.68212801442, 51.9408432362
-0.682081605266, 51.9398950281
-0.681142032638, 51.9384494868
-0.68142935536, 51.9381263187
-0.681525319732, 51.937482713
-0.680674128429, 51.9367457769
-0.680342875313, 51.9354922653
-0.682223691772, 51.9353928475
-0.684111061857, 51.9346712707
-0.688081449084, 51.930103911
-0.691343754512, 51.9269033284
-0.691135532828, 51.9238619313
-0.692532776337, 51.9210182018
-0.69374412494, 51.9194132022
-0.696835621622, 51.9158437231
-0.698670946629, 51.9130128608
-0.700888163828, 51.9103911884
-0.698745721279, 51.9062503682
-0.696325899575, 51.9040728509
-0.695707136445, 51.9016976621
-0.693332265278, 51.9003387957
-0.691204637911, 51.9003798943
-0.687932667717, 51.9001870149
-0.682736697172, 51.9002800333
-0.678954169087, 51.9013903387
-0.675022134964, 51.901449542
-0.673381691473, 51.9018248878
-0.672590576599, 51.901147906
-0.67191965856, 51.8999444786
-0.670842321476, 51.8994135122
-0.670043982148, 51.8988362359
-0.668113116867, 51.8978280422
-0.667630781365, 51.8973793055
-0.667574761145, 51.8969147136
-0.666311245644, 51.8965892991
-0.665470575323, 51.8964143275
-0.663557414289, 51.8957470338
-0.66214807179, 51.895587159
-0.659926918624, 51.8944793204
-0.659074851025, 51.8926875118
-0.66015827077, 51.8922709591
-0.659611703862, 51.8906642584
-0.657933643507, 51.8904086594
-0.656566190178, 51.8893374615
-0.654882646792, 51.8879047749
-0.653200453418, 51.887305587
-0.651971041813, 51.8867754014
-0.651029014964, 51.8865479129
-0.649555318398, 51.8863161153
-0.64819891397, 51.8860982345
-0.647372906012, 51.8858792424
-0.646289959248, 51.8853138152
-0.643256139051, 51.8843473617
-0.641607555742, 51.8838958539
-0.639237825681, 51.8833172989
-0.636926043753, 51.8825541425
-0.634587500515, 51.8824371173
-0.63101725175, 51.8824522843
-0.62951009855, 51.8823250455
-0.628571079295, 51.8821486626
-0.624112308202, 51.8839992142
-0.622468654242, 51.8845338611
-0.619861522123, 51.8853566063
-0.617027199957, 51.8823579374
-0.61240759664, 51.8774292626
-0.602322922922, 51.8739992351
-0.586885516125, 51.8705302467
-0.584188583759, 51.8704708518
-0.583433267123, 51.8694538089
-0.582645558201, 51.8680821037
-0.580612099765, 51.8668832947
-0.579151253833, 51.8662290609
-0.578143423458, 51.8662249785
-0.577523368654, 51.8659450397
-0.576680742631, 51.865446608
-0.576049419966, 51.8644202257
-0.574194161168, 51.862832327
-0.573724489581, 51.861059792
-0.569592995483, 51.8583553232
-0.57010961155, 51.8567170442
-0.570697743048, 51.8563492421
-0.570929793571, 51.8558080707
-0.56963805193, 51.8522173209
-0.567271528211, 51.851024114
-0.563882678832, 51.8509818948
-0.566845994562, 51.8507995361
-0.564492588794, 51.8474187777
-0.560794641954, 51.8453325023
-0.555770262323, 51.8435625204
-0.550873010467, 51.8393823361
-0.547864660101, 51.8356164107
-0.546171469972, 51.8351018552
-0.543781289432, 51.834283723
-0.539816222752, 51.8319929529
-0.537883132772, 51.8310059346
-0.539394179327, 51.8286194438
-0.541206924207, 51.8271304453
-0.541971551282, 51.8261454504
-0.54349253692, 51.8246986571
-0.545276776175, 51.8252116827
-0.55031208744, 51.8280118067
-0.554111607363, 51.8270937732
-0.557123863106, 51.8307364067
-0.561258805462, 51.829177557
-0.558960910006, 51.8247866886
-0.562099171961, 51.8242972881
-0.564423829383, 51.8221946688
-0.566619301056, 51.8204069349
-0.568101741628, 51.819412535
-0.571375325658, 51.819079192
-0.573697319894, 51.8191981897
-0.576043691889, 51.8173015143
-0.574724403684, 51.8156157881
-0.577124258419, 51.8123359271
-0.5798817888, 51.8091565472
-0.582952493468, 51.8070787556
-0.59037870737, 51.8080177135
-0.594573750253, 51.8122103615
-0.594812551225, 51.8140007482
-0.597160008661, 51.8142742434
-0.600640048148, 51.8137195585
-0.60369019901, 51.8131308945
-0.60734297004, 51.8122849361
-0.611262710997, 51.8120462532
-0.612191637293, 51.812643471
-0.614295932396, 51.8134676367
-0.615739657225, 51.8149259911
-0.618009385572, 51.8145210873
-0.620338052103, 51.8148451502
-0.621862810145, 51.8160328326
-0.62420261223, 51.816232865
-0.626560905392, 51.8170660739
-0.627543857359, 51.817279859
-0.634051070363, 51.8189480211
-0.636878528384, 51.8179953484
-0.643292495922, 51.8160679873
-0.648162376089, 51.8138491966
-0.652422757502, 51.815318756
-0.65604760648, 51.8158250966
-0.65983165222, 51.8155158068
-0.662112344558, 51.8161487025
-0.664248052296, 51.8156029131
-0.666647938708, 51.8159844117
-0.668663454877, 51.8173982358
-0.669494824667, 51.8186277959
-0.672477884535, 51.8196604632
-0.673592815223, 51.8208734119
-0.676213312226, 51.8234430421
-0.676974165956, 51.8243165877
-0.678152855744, 51.8257388118
-0.678404912008, 51.8263485719
-0.67865357272, 51.8272729966
-0.679836843858, 51.82889037
-0.68131876341, 51.8310676537
-0.683476909732, 51.8357413368
-0.688059573755, 51.8399654894
-0.690829056167, 51.8404171447
-0.692043342492, 51.8402894854
-0.694669631475, 51.8417294206
-0.69366350185, 51.8427387862
-0.692307483169, 51.8444995391
-0.687222693279, 51.8494754423
-0.688327321696, 51.8508814424
-0.6898654196, 51.8532624395
-0.693240034358, 51.8569127417
-0.696695841883, 51.8580732077
-0.699715707004, 51.8578899262
-0.702381950806, 51.8570759632
-0.705460579986, 51.8551452434
-0.707869036227, 51.854957722
-0.709965516221, 51.8570982148
-0.712412919644, 51.8575332354
-0.715257124002, 51.8574977899
-0.717977166675, 51.8569259318
-0.720263322628, 51.8561370945
-0.722470464469, 51.8543412124
-0.722040391147, 51.852659637
-0.722089324006, 51.8512907708
-0.722654494286, 51.8499949462
-0.725242760791, 51.8498027284
-0.727178302636, 51.8503604737
-0.728829697842, 51.8498226566
-0.730127976192, 51.8495012959
-0.731494794645, 51.848651963
-0.732886006754, 51.847604166
-0.73456146232, 51.8441829706
-0.736441337266, 51.8423689206
-0.73939907362, 51.8425472118
-0.742217177262, 51.8425279222
-0.745066997136, 51.8422553447
-0.74578920524, 51.8418098777
-0.745501088836, 51.8403205197
-0.744823122636, 51.8376095593
-0.741039582902, 51.8356701336
-0.737736210469, 51.8337501239
-0.737875717204, 51.8309399897
-0.731614545687, 51.8266196764
-0.730455282592, 51.8251685334
-0.729425011756, 51.8224356869
-0.728221902713, 51.8211566831
-0.725915746898, 51.819430535
-0.722606713615, 51.8173131124
-0.718496554127, 51.8163431761
-0.711875472695, 51.8183200134
-0.710336037473, 51.8200007402
-0.707834398092, 51.8193016182
-0.703588078695, 51.8163569261
-0.700588255, 51.8139734389
-0.697258959365, 51.8107014574
-0.69563449714, 51.8095388302
-0.692960526468, 51.806249711
-0.690406634206, 51.8044859319
-0.685801071528, 51.800515138
-0.684048155454, 51.7962650071
-0.683768103238, 51.7939798139
-0.689526152465, 51.7925326424
-0.68940720233, 51.7920340833
-0.686300222615, 51.7904249901
-0.682808091864, 51.7886064918
-0.679994703323, 51.7858459987
-0.679311866388, 51.7838098301
-0.679179819649, 51.7821260212
-0.677512652062, 51.7809374757
-0.676244387111, 51.7790493559
-0.676990270015, 51.7769896845
-0.676761561399, 51.7745009338
-0.676225019866, 51.7728251536
-0.675708812683, 51.7708025233
-0.674152727894, 51.7691539074
-0.675408645068, 51.7672429605
-0.676987906552, 51.7665117421
-0.679382222483, 51.7658067452
-0.682667603146, 51.7642080311
-0.684458934975, 51.7629530798
-0.686452610122, 51.762311792
-0.68919530148, 51.7605719575
-0.69211845859, 51.7589977145
-0.692645413607, 51.758260869
-0.691225638537, 51.7560502182
-0.689727805144, 51.754388966
-0.689254650506, 51.7536176052
-0.68988177654, 51.7527227367
-0.691298587639, 51.7517719195
-0.693593899112, 51.7499442782
-0.695708021639, 51.7494219637
-0.697684997823, 51.7496875562
-0.700721442768, 51.7499360573
-0.703694253784, 51.7498277101
-0.706702381172, 51.7501054165
-0.709237562827, 51.7504084249
-0.713446364374, 51.7510039517
-0.714075937818, 51.7511780843
-0.716217395927, 51.7504515913
-0.719255445472, 51.751007143
-0.721447781918, 51.7503224707
-0.723985003827, 51.7491172919
-0.722070045306, 51.7485489006
-0.720637498943, 51.7470065438
-0.718685418873, 51.7448875396
-0.71777761305, 51.74252004
-0.718821150984, 51.7415738122
-0.719644972535, 51.7404057867
-0.71874462505, 51.7389024684
-0.718031598376, 51.7396868552
-0.717831444777, 51.7389293761
-0.717950001743, 51.7373499428
-0.717855978267, 51.7365783353
-0.71710892438, 51.7353940794
-0.71741502865, 51.7338913231
-0.71723932319, 51.7325271741
-0.715893211599, 51.7305639885
-0.714048490498, 51.7266837097
-0.711424614947, 51.7254716703
-0.713155277068, 51.7235169675
-0.720414413012, 51.7216225639
-0.724142315941, 51.7201309192
-0.727644905388, 51.7188183488
-0.730289675331, 51.7185106662
-0.73202448158, 51.7192676101
-0.733266975952, 51.7199266087
-0.735558242439, 51.7196815346
-0.737052081163, 51.7205185336
-0.739704248841, 51.722758046
-0.74230942437, 51.7226825508
-0.742452031015, 51.7249526626
-0.745210547016, 51.7266644779
-0.746015268016, 51.7280361952
-0.746988114263, 51.7295086067
-0.747851129593, 51.7309753436
-0.749286401031, 51.7333787954
-0.750292167013, 51.7356607713
-0.751502886423, 51.7371833267
-0.752350128228, 51.7386022046
-0.753090664779, 51.740269011
-0.754133972636, 51.7418302233
-0.755916168511, 51.7435979623
-0.757926354581, 51.7452439988
-0.760575760165, 51.7470918585
-0.762459100602, 51.748726587
-0.764146804014, 51.7494663653
-0.765136178873, 51.7515394272
-0.76293216615, 51.7537344723
-0.763476621898, 51.7569277075
-0.762678842128, 51.7602479863
-0.764224475156, 51.7609529963
-0.765853774458, 51.7624708006
-0.7655904476, 51.7641566479
-0.767194749681, 51.7664384505
-0.767799664591, 51.7677998165
-0.766767486575, 51.7688230207
-0.768956373472, 51.7714669915
-0.771672161105, 51.774252197
-0.775251820727, 51.7757119977
-0.778447028669, 51.7745619535
-0.780286086512, 51.7743562579
-0.781406088288, 51.7748552112
-0.781020977546, 51.7736553477
-0.780272841512, 51.7728581337
-0.779459826475, 51.7719955023
-0.781504352293, 51.7714214702
-0.783829651918, 51.7703207068
-0.78541904389, 51.7701761885
-0.786315181893, 51.7719954347
-0.79134856885, 51.7745514201
-0.792801753718, 51.7769634842
-0.79701610879, 51.7800997524
-0.801150804054, 51.7800277893
-0.806694965301, 51.7804321557
-0.809383933714, 51.7822514165
-0.812347861445, 51.7799561932
-0.819108965524, 51.7811689038
-0.819830276686, 51.7808029994
-0.823196386055, 51.7802972473
-0.825452748626, 51.7802667579
-0.827074963426, 51.7805976523
-0.829736887337, 51.7796836673
-0.831313126303, 51.7792695521
-0.832618269964, 51.7789678154
-0.834827324051, 51.7779008594
-0.837268560472, 51.7781731895
-0.839339418022, 51.7776847321
-0.838639271123, 51.7742412794
-0.835438658355, 51.7708189368
-0.835067184328, 51.7690349437
-0.838141139371, 51.7686346685
-0.841002016886, 51.7681773648
-0.842864833994, 51.7681543521
-0.844492215185, 51.7683843543
-0.845891179313, 51.7683657255
-0.847765887971, 51.768672739
-0.848366897895, 51.7687460634
-0.849766582798, 51.7689845516
-0.850288453211, 51.7693780875
-0.851323286548, 51.7693180685
-0.851896897981, 51.7695008031
-0.853098204088, 51.7696770713
-0.853842171239, 51.7694856146
-0.854438171467, 51.7692423594
-0.856354947472, 51.7690353335
-0.856768664374, 51.7682049488
-0.857773040426, 51.7680870317
-0.858290000279, 51.767700924
-0.858908469235, 51.7677716666
-0.859005846209, 51.767358105
-0.859639158906, 51.7677023284
-0.862490256055, 51.7671616862
-0.860981849261, 51.7655421061
-0.859947728461, 51.764772304
-0.85851699727, 51.7631246714
-0.857369748878, 51.7620183655
-0.856700600563, 51.7612035265
-0.859406231659, 51.7592327995
-0.861485139497, 51.7583223321
-0.863259016002, 51.7565735708
-0.863885559216, 51.7561435405
-0.867097626576, 51.7530149316
-0.870144611066, 51.7511434561
-0.87584923298, 51.7489331909
-0.877612318588, 51.7479915455
-0.881273966596, 51.7494111366
-0.883579002148, 51.7498097925
-0.887112774367, 51.7509051917
-0.889785272146, 51.7514474703
-0.890606835807, 51.7518544473
-0.894349487029, 51.7520623425
-0.901614574479, 51.7519452216
-0.904621233898, 51.7517385977
-0.903893411005, 51.7482314383
-0.904528184981, 51.7461225628
-0.906375732606, 51.7440528459
-0.908017807022, 51.7420881898
-0.909949469659, 51.7397593443
-0.91135006364, 51.7381880265
-0.912960751746, 51.7373325581
-0.913511621444, 51.7373700204
-0.913738533167, 51.7377515576
-0.914472351498, 51.7376486407
-0.914845845351, 51.7378966572
-0.915182133414, 51.7375212203
-0.915989365325, 51.7371339417
-0.916994687621, 51.7369409004
-0.918321102244, 51.7372498322
-0.918860371827, 51.7377736011
-0.918963742963, 51.7381755713
-0.918734713587, 51.7386697938
-0.919306007067, 51.7389447914
-0.91970915929, 51.7390438067
-0.919133038699, 51.7392138442
-0.919325523154, 51.7395231221
-0.919816556356, 51.7396418269
-0.919409679559, 51.7397594722
-0.919917818429, 51.7401327922
-0.920323834433, 51.7421784832
-0.923137289091, 51.7468393855
-0.928401355002, 51.7459137143
-0.93160929506, 51.7490647427
-0.932244312374, 51.7504551941
-0.934110971188, 51.7526975141
-0.940009319163, 51.7529153867
-0.941692274132, 51.753058227
-0.944109840185, 51.7533209353
-0.946355600773, 51.7548669287
-0.946994512457, 51.7554274239
-0.948299453016, 51.7556324201
-0.948862920977, 51.7558244808
-0.94961558315, 51.7561674869
-0.950435188228, 51.7560606156
-0.950851982873, 51.7560805203
-0.951266217215, 51.7566488772
-0.952553053445, 51.7571377933
-0.95348232016, 51.7577404013
-0.957322804874, 51.7583256973
-0.961336630175, 51.7587487553
-0.962159954372, 51.7587964873
-0.962561854636, 51.758772161
-0.963533427348, 51.7589263909
-0.965399957639, 51.7588475218
-0.96801672545, 51.7586538269
-0.96929636411, 51.7587055133
-0.970021753956, 51.7585365379
-0.971235542242, 51.7581704252
-0.972547672126, 51.7580668093
-0.974798423677, 51.7585495143
-0.97566222267, 51.7594984427
-0.976385367503, 51.7601332395
-0.977234254769, 51.7601415261
-0.978922733992, 51.7606345443
-0.980994155578, 51.7604025547
-0.981363227085, 51.7598410934
-0.980754412062, 51.7594024319
-0.981145966979, 51.7585498448
-0.980906504424, 51.7576018745
-0.981024969915, 51.7565868733
-0.981287466148, 51.7549653013
-0.980464280215, 51.7539484311
-0.982704736735, 51.7527557978
-0.985271440125, 51.7523850551
-0.987109261594, 51.7522156804
-0.986641148687, 51.7530010915
-0.987329937404, 51.7531661742
-0.989153651357, 51.7531755748
-0.989137286525, 51.7537140189
-0.990407351589, 51.7539299361
-0.992651667296, 51.754049891
-0.992950722734, 51.7545433831
-0.995231445808, 51.7543300198
-0.99709944392, 51.7534540232
-0.998496172351, 51.7536430601
-0.998066051211, 51.754225634
-0.998295434632, 51.7548587843
-0.999178386302, 51.7545668905
-1.00083618253, 51.7546789972
-1.00337743943, 51.7550017782
-1.00374871938, 51.7548520714
-1.00451057647, 51.7545312382
-1.00576066952, 51.7550012763
-1.00743183322, 51.7556286091
-1.0132706336, 51.7559519943
-1.0225385136, 51.7555519689
-1.02567690275, 51.7561426771
-1.02720841926, 51.7572828766
-1.02929211231, 51.7576759376
-1.03021730078, 51.7577051518
-1.03229371635, 51.7565425932
-1.03266419826, 51.7557481077
-1.03224759013, 51.7549723208
-1.03236070228, 51.7540858036
-1.03247347838, 51.7530113638
-1.0311733066, 51.7518245853
-1.03072980086, 51.7498715994
-1.03027667129, 51.74891118
-1.02964486063, 51.7489221514
-1.02991214458, 51.7468581378
-1.02967206491, 51.7458940785
-1.03114733279, 51.7446411581
-1.03268746748, 51.7444164682
-1.03413287961, 51.7446935982
-1.03585464591, 51.7441008132
-1.0373426261, 51.7442155089
-1.03788308303, 51.7445472195
-1.03841196773, 51.7440597182
-1.03875827888, 51.7444626668
-1.03977487791, 51.7446085427
-1.04045030256, 51.7447237524
-1.04117020164, 51.744722433
-1.04199172962, 51.7445043461
-1.04235366751, 51.7446493588
-1.04316749714, 51.7445211147
-1.04382684028, 51.7449868377
-1.04481742307, 51.7449939912
-1.04557226679, 51.7446404668
-1.04525419597, 51.7452313149
-1.04569340427, 51.7456970377
-1.04598958748, 51.7461454137
-1.0477036803, 51.7470152895
-1.04933503694, 51.7479653933
-1.05162279832, 51.7487706152
-1.05338443358, 51.7492469688
-1.05325715682, 51.7495840193
-1.05537228745, 51.752144689
-1.05739719595, 51.7522301744
-1.06072034857, 51.7530731855
-1.06287398724, 51.7535210571
-1.06421205818, 51.754037928
-1.06523973628, 51.7535911407
-1.06600782537, 51.7537887607
-1.06651553261, 51.753686695
-1.06707860806, 51.7541317404
-1.0682891764, 51.7550045093
-1.06808553397, 51.7555369813
-1.07177931932, 51.7576863596
-1.07396012868, 51.7582385408
-1.07512232335, 51.7585830654
-1.07736817338, 51.7585072003
-1.07812325117, 51.7582119132
-1.07914371883, 51.7577613518
-1.08031571516, 51.7570539155
